000 00D01 00000000 00000001 00000000 00000000 00000000 00000000 00000000 00000000 00000000 00000000 00000000 00000000 00000000 00000000 00000000 00000000
002 06DD1 00000000 0000000B 00000000 00000000 00000000 00000000 00000000 00000000 00000000 00000000 00000000 00000000 00000000 00000001 00000000 00000000
004 10301 00000000 00000100 00000000 00000000 00000000 00000000 00000000 00000000 00000000 00000000 00000000 00000000 00000000 00000800 00000000 00000000
006 10401 00000000 00000101 00000000 00000005 00000000 00000000 00000000 00000000 00000000 00000000 00000000 00000000 00000000 00000800 00000000 00000000
008 0F100 00000000 0000000D 00000000 00000005 00000002 00000000 00000000 00000000 00000000 00000000 00000000 00000000 00000000 00000800 00000000 00000000
00D 00DD1 00000000 FFFFFFFC 00000000 00000005 00000002 00000000 00000000 00000000 00000000 00000000 00000000 00000000 00000000 00000800 00000000 0000000A
00F 11FD1 00000000 00000003 00000000 00000005 00000002 00000000 00000000 00000000 00000000 00000000 00000000 00000000 00000000 000007FC 00000000 0000000A
011 113D1 00000000 00000002 00000000 00000005 00000002 00000000 00000000 00000000 00000000 00000000 00000000 00000000 00000000 000007FC 00000000 0000000A
013 114D1 00000000 00000001 00000000 00000005 00000002 00000000 00000000 00000000 00000000 00000000 00000000 00000000 00000000 000007FC 00000000 0000000A
015 119D1 00000000 00000000 00000000 00000005 00000002 00000000 00000000 00000000 00000000 00000000 00000000 00000000 00000000 000007FC 00000000 0000000A
017 09140 00000000 00000029 00000000 00000005 00000002 00000000 00000000 00000000 00000000 00000000 00000000 00000000 00000000 000007FC 00000000 0000000A
019 09134 00000000 00000029 00000000 00000005 00000002 00000000 00000000 00000000 00000000 00000000 00000000 00000000 00000000 000007FC 00000000 0000000A
01B 00331 00000000 FFFFFFFF 00000000 00000005 00000002 00000000 00000000 00000000 00000000 00000000 00000000 00000000 00000000 000007FC 00000000 0000000A
01D 00441 00000000 FFFFFFFF 00000000 00000004 00000002 00000000 00000000 00000000 00000000 00000000 00000000 00000000 00000000 000007FC 00000000 0000000A
01F 0F100 00000000 0000000D 00000000 00000004 00000001 00000000 00000000 00000000 00000000 00000000 00000000 00000000 00000000 000007FC 00000000 0000000A
00D 00DD1 00000000 FFFFFFFC 00000000 00000004 00000001 00000000 00000000 00000000 00000000 00000000 00000000 00000000 00000000 000007FC 00000000 00000021
00F 11FD1 00000000 00000003 00000000 00000004 00000001 00000000 00000000 00000000 00000000 00000000 00000000 00000000 00000000 000007F8 00000000 00000021
011 113D1 00000000 00000002 00000000 00000004 00000001 00000000 00000000 00000000 00000000 00000000 00000000 00000000 00000000 000007F8 00000000 00000021
013 114D1 00000000 00000001 00000000 00000004 00000001 00000000 00000000 00000000 00000000 00000000 00000000 00000000 00000000 000007F8 00000000 00000021
015 119D1 00000000 00000000 00000000 00000004 00000001 00000000 00000000 00000000 00000000 00000000 00000000 00000000 00000000 000007F8 00000000 00000021
017 09140 00000000 00000029 00000000 00000004 00000001 00000000 00000000 00000000 00000000 00000000 00000000 00000000 00000000 000007F8 00000000 00000021
019 09134 00000000 00000029 00000000 00000004 00000001 00000000 00000000 00000000 00000000 00000000 00000000 00000000 00000000 000007F8 00000000 00000021
01B 00331 00000000 FFFFFFFF 00000000 00000004 00000001 00000000 00000000 00000000 00000000 00000000 00000000 00000000 00000000 000007F8 00000000 00000021
01D 00441 00000000 FFFFFFFF 00000000 00000003 00000001 00000000 00000000 00000000 00000000 00000000 00000000 00000000 00000000 000007F8 00000000 00000021
01F 0F100 00000000 0000000D 00000000 00000003 00000000 00000000 00000000 00000000 00000000 00000000 00000000 00000000 00000000 000007F8 00000000 00000021
00D 00DD1 00000000 FFFFFFFC 00000000 00000003 00000000 00000000 00000000 00000000 00000000 00000000 00000000 00000000 00000000 000007F8 00000000 00000021
00F 11FD1 00000000 00000003 00000000 00000003 00000000 00000000 00000000 00000000 00000000 00000000 00000000 00000000 00000000 000007F4 00000000 00000021
011 113D1 00000000 00000002 00000000 00000003 00000000 00000000 00000000 00000000 00000000 00000000 00000000 00000000 00000000 000007F4 00000000 00000021
013 114D1 00000000 00000001 00000000 00000003 00000000 00000000 00000000 00000000 00000000 00000000 00000000 00000000 00000000 000007F4 00000000 00000021
015 119D1 00000000 00000000 00000000 00000003 00000000 00000000 00000000 00000000 00000000 00000000 00000000 00000000 00000000 000007F4 00000000 00000021
017 09140 00000000 00000029 00000000 00000003 00000000 00000000 00000000 00000000 00000000 00000000 00000000 00000000 00000000 000007F4 00000000 00000021
029 00201 00000000 00000001 00000000 00000003 00000000 00000000 00000000 00000000 00000000 00000000 00000000 00000000 00000000 000007F4 00000000 00000021
02B 109D1 00000000 00000000 00000001 00000003 00000000 00000000 00000000 00000000 00000000 00000000 00000000 00000000 00000000 000007F4 00000000 00000021
02D 104D1 00000000 00000001 00000001 00000003 00000000 00000000 00000000 00000000 00000000 00000000 00000000 00000000 00000000 000007F4 00000000 00000021
02F 103D1 00000000 00000002 00000001 00000003 00000000 00000000 00000000 00000000 00000000 00000000 00000000 00000000 00000000 000007F4 00000000 00000021
031 10FD1 00000000 00000003 00000001 00000003 00000000 00000000 00000000 00000000 00000000 00000000 00000000 00000000 00000000 000007F4 00000000 00000021
033 00DD1 00000000 00000004 00000001 00000003 00000000 00000000 00000000 00000000 00000000 00000000 00000000 00000000 00000000 000007F4 00000000 00000021
035 09F00 00000000 00000004 00000001 00000003 00000000 00000000 00000000 00000000 00000000 00000000 00000000 00000000 00000000 000007F8 00000000 00000021
021 00920 00000000 00000004 00000001 00000003 00000000 00000000 00000000 00000000 00000000 00000000 00000000 00000000 00000000 000007F8 00000000 00000021
022 00441 00000000 00000001 00000001 00000003 00000000 00000000 00000000 00000000 00000000 00000001 00000000 00000000 00000000 000007F8 00000000 00000021
024 0F100 00000000 0000000D 00000001 00000003 00000001 00000000 00000000 00000000 00000000 00000001 00000000 00000000 00000000 000007F8 00000000 00000021
00D 00DD1 00000000 FFFFFFFC 00000001 00000003 00000001 00000000 00000000 00000000 00000000 00000001 00000000 00000000 00000000 000007F8 00000000 00000026
00F 11FD1 00000000 00000003 00000001 00000003 00000001 00000000 00000000 00000000 00000000 00000001 00000000 00000000 00000000 000007F4 00000000 00000026
011 113D1 00000000 00000002 00000001 00000003 00000001 00000000 00000000 00000000 00000000 00000001 00000000 00000000 00000000 000007F4 00000000 00000026
013 114D1 00000000 00000001 00000001 00000003 00000001 00000000 00000000 00000000 00000000 00000001 00000000 00000000 00000000 000007F4 00000000 00000026
015 119D1 00000000 00000000 00000001 00000003 00000001 00000000 00000000 00000000 00000000 00000001 00000000 00000000 00000000 000007F4 00000000 00000026
017 09140 00000000 00000029 00000001 00000003 00000001 00000000 00000000 00000000 00000000 00000001 00000000 00000000 00000000 000007F4 00000000 00000026
019 09134 00000000 00000029 00000001 00000003 00000001 00000000 00000000 00000000 00000000 00000001 00000000 00000000 00000000 000007F4 00000000 00000026
01B 00331 00000000 FFFFFFFF 00000001 00000003 00000001 00000000 00000000 00000000 00000000 00000001 00000000 00000000 00000000 000007F4 00000000 00000026
01D 00441 00000000 FFFFFFFF 00000001 00000002 00000001 00000000 00000000 00000000 00000000 00000001 00000000 00000000 00000000 000007F4 00000000 00000026
01F 0F100 00000000 0000000D 00000001 00000002 00000000 00000000 00000000 00000000 00000000 00000001 00000000 00000000 00000000 000007F4 00000000 00000026
00D 00DD1 00000000 FFFFFFFC 00000001 00000002 00000000 00000000 00000000 00000000 00000000 00000001 00000000 00000000 00000000 000007F4 00000000 00000021
00F 11FD1 00000000 00000003 00000001 00000002 00000000 00000000 00000000 00000000 00000000 00000001 00000000 00000000 00000000 000007F0 00000000 00000021
011 113D1 00000000 00000002 00000001 00000002 00000000 00000000 00000000 00000000 00000000 00000001 00000000 00000000 00000000 000007F0 00000000 00000021
013 114D1 00000000 00000001 00000001 00000002 00000000 00000000 00000000 00000000 00000000 00000001 00000000 00000000 00000000 000007F0 00000000 00000021
015 119D1 00000000 00000000 00000001 00000002 00000000 00000000 00000000 00000000 00000000 00000001 00000000 00000000 00000000 000007F0 00000000 00000021
017 09140 00000000 00000029 00000001 00000002 00000000 00000000 00000000 00000000 00000000 00000001 00000000 00000000 00000000 000007F0 00000000 00000021
029 00201 00000000 00000001 00000001 00000002 00000000 00000000 00000000 00000000 00000000 00000001 00000000 00000000 00000000 000007F0 00000000 00000021
02B 109D1 00000000 00000000 00000001 00000002 00000000 00000000 00000000 00000000 00000000 00000001 00000000 00000000 00000000 000007F0 00000000 00000021
02D 104D1 00000000 00000001 00000001 00000002 00000000 00000000 00000000 00000000 00000000 00000001 00000000 00000000 00000000 000007F0 00000000 00000021
02F 103D1 00000000 00000002 00000001 00000002 00000000 00000000 00000000 00000000 00000000 00000001 00000000 00000000 00000000 000007F0 00000000 00000021
031 10FD1 00000000 00000003 00000001 00000002 00000000 00000000 00000000 00000000 00000000 00000001 00000000 00000000 00000000 000007F0 00000000 00000021
033 00DD1 00000000 00000004 00000001 00000002 00000000 00000000 00000000 00000000 00000000 00000001 00000000 00000000 00000000 000007F0 00000000 00000021
035 09F00 00000000 00000004 00000001 00000002 00000000 00000000 00000000 00000000 00000000 00000001 00000000 00000000 00000000 000007F4 00000000 00000021
021 00920 00000000 00000004 00000001 00000002 00000000 00000000 00000000 00000000 00000000 00000001 00000000 00000000 00000000 000007F4 00000000 00000021
022 00441 00000000 00000001 00000001 00000002 00000000 00000000 00000000 00000000 00000000 00000001 00000000 00000000 00000000 000007F4 00000000 00000021
024 0F100 00000000 0000000D 00000001 00000002 00000001 00000000 00000000 00000000 00000000 00000001 00000000 00000000 00000000 000007F4 00000000 00000021
00D 00DD1 00000000 FFFFFFFC 00000001 00000002 00000001 00000000 00000000 00000000 00000000 00000001 00000000 00000000 00000000 000007F4 00000000 00000026
00F 11FD1 00000000 00000003 00000001 00000002 00000001 00000000 00000000 00000000 00000000 00000001 00000000 00000000 00000000 000007F0 00000000 00000026
011 113D1 00000000 00000002 00000001 00000002 00000001 00000000 00000000 00000000 00000000 00000001 00000000 00000000 00000000 000007F0 00000000 00000026
013 114D1 00000000 00000001 00000001 00000002 00000001 00000000 00000000 00000000 00000000 00000001 00000000 00000000 00000000 000007F0 00000000 00000026
015 119D1 00000000 00000000 00000001 00000002 00000001 00000000 00000000 00000000 00000000 00000001 00000000 00000000 00000000 000007F0 00000000 00000026
017 09140 00000000 00000029 00000001 00000002 00000001 00000000 00000000 00000000 00000000 00000001 00000000 00000000 00000000 000007F0 00000000 00000026
019 09134 00000000 00000029 00000001 00000002 00000001 00000000 00000000 00000000 00000000 00000001 00000000 00000000 00000000 000007F0 00000000 00000026
01B 00331 00000000 FFFFFFFF 00000001 00000002 00000001 00000000 00000000 00000000 00000000 00000001 00000000 00000000 00000000 000007F0 00000000 00000026
01D 00441 00000000 FFFFFFFF 00000001 00000001 00000001 00000000 00000000 00000000 00000000 00000001 00000000 00000000 00000000 000007F0 00000000 00000026
01F 0F100 00000000 0000000D 00000001 00000001 00000000 00000000 00000000 00000000 00000000 00000001 00000000 00000000 00000000 000007F0 00000000 00000026
00D 00DD1 00000000 FFFFFFFC 00000001 00000001 00000000 00000000 00000000 00000000 00000000 00000001 00000000 00000000 00000000 000007F0 00000000 00000021
00F 11FD1 00000000 00000003 00000001 00000001 00000000 00000000 00000000 00000000 00000000 00000001 00000000 00000000 00000000 000007EC 00000000 00000021
011 113D1 00000000 00000002 00000001 00000001 00000000 00000000 00000000 00000000 00000000 00000001 00000000 00000000 00000000 000007EC 00000000 00000021
013 114D1 00000000 00000001 00000001 00000001 00000000 00000000 00000000 00000000 00000000 00000001 00000000 00000000 00000000 000007EC 00000000 00000021
015 119D1 00000000 00000000 00000001 00000001 00000000 00000000 00000000 00000000 00000000 00000001 00000000 00000000 00000000 000007EC 00000000 00000021
017 09140 00000000 00000029 00000001 00000001 00000000 00000000 00000000 00000000 00000000 00000001 00000000 00000000 00000000 000007EC 00000000 00000021
029 00201 00000000 00000001 00000001 00000001 00000000 00000000 00000000 00000000 00000000 00000001 00000000 00000000 00000000 000007EC 00000000 00000021
02B 109D1 00000000 00000000 00000001 00000001 00000000 00000000 00000000 00000000 00000000 00000001 00000000 00000000 00000000 000007EC 00000000 00000021
02D 104D1 00000000 00000001 00000001 00000001 00000000 00000000 00000000 00000000 00000000 00000001 00000000 00000000 00000000 000007EC 00000000 00000021
02F 103D1 00000000 00000002 00000001 00000001 00000000 00000000 00000000 00000000 00000000 00000001 00000000 00000000 00000000 000007EC 00000000 00000021
031 10FD1 00000000 00000003 00000001 00000001 00000000 00000000 00000000 00000000 00000000 00000001 00000000 00000000 00000000 000007EC 00000000 00000021
033 00DD1 00000000 00000004 00000001 00000001 00000000 00000000 00000000 00000000 00000000 00000001 00000000 00000000 00000000 000007EC 00000000 00000021
035 09F00 00000000 00000004 00000001 00000001 00000000 00000000 00000000 00000000 00000000 00000001 00000000 00000000 00000000 000007F0 00000000 00000021
021 00920 00000000 00000004 00000001 00000001 00000000 00000000 00000000 00000000 00000000 00000001 00000000 00000000 00000000 000007F0 00000000 00000021
022 00441 00000000 00000001 00000001 00000001 00000000 00000000 00000000 00000000 00000000 00000001 00000000 00000000 00000000 000007F0 00000000 00000021
024 0F100 00000000 0000000D 00000001 00000001 00000001 00000000 00000000 00000000 00000000 00000001 00000000 00000000 00000000 000007F0 00000000 00000021
00D 00DD1 00000000 FFFFFFFC 00000001 00000001 00000001 00000000 00000000 00000000 00000000 00000001 00000000 00000000 00000000 000007F0 00000000 00000026
00F 11FD1 00000000 00000003 00000001 00000001 00000001 00000000 00000000 00000000 00000000 00000001 00000000 00000000 00000000 000007EC 00000000 00000026
011 113D1 00000000 00000002 00000001 00000001 00000001 00000000 00000000 00000000 00000000 00000001 00000000 00000000 00000000 000007EC 00000000 00000026
013 114D1 00000000 00000001 00000001 00000001 00000001 00000000 00000000 00000000 00000000 00000001 00000000 00000000 00000000 000007EC 00000000 00000026
015 119D1 00000000 00000000 00000001 00000001 00000001 00000000 00000000 00000000 00000000 00000001 00000000 00000000 00000000 000007EC 00000000 00000026
017 09140 00000000 00000029 00000001 00000001 00000001 00000000 00000000 00000000 00000000 00000001 00000000 00000000 00000000 000007EC 00000000 00000026
019 09134 00000000 00000029 00000001 00000001 00000001 00000000 00000000 00000000 00000000 00000001 00000000 00000000 00000000 000007EC 00000000 00000026
029 00201 00000000 00000001 00000001 00000001 00000001 00000000 00000000 00000000 00000000 00000001 00000000 00000000 00000000 000007EC 00000000 00000026
02B 109D1 00000000 00000000 00000001 00000001 00000001 00000000 00000000 00000000 00000000 00000001 00000000 00000000 00000000 000007EC 00000000 00000026
02D 104D1 00000000 00000001 00000001 00000001 00000001 00000000 00000000 00000000 00000000 00000001 00000000 00000000 00000000 000007EC 00000000 00000026
02F 103D1 00000000 00000002 00000001 00000001 00000001 00000000 00000000 00000000 00000000 00000001 00000000 00000000 00000000 000007EC 00000000 00000026
031 10FD1 00000000 00000003 00000001 00000001 00000001 00000000 00000000 00000000 00000000 00000001 00000000 00000000 00000000 000007EC 00000000 00000026
033 00DD1 00000000 00000004 00000001 00000001 00000001 00000000 00000000 00000000 00000000 00000001 00000000 00000000 00000000 000007EC 00000000 00000026
035 09F00 00000000 00000004 00000001 00000001 00000001 00000000 00000000 00000000 00000000 00000001 00000000 00000000 00000000 000007F0 00000000 00000026
026 00292 00000000 00000004 00000001 00000001 00000001 00000000 00000000 00000000 00000000 00000001 00000000 00000000 00000000 000007F0 00000000 00000026
027 09100 00000000 0000002B 00000002 00000001 00000001 00000000 00000000 00000000 00000000 00000001 00000000 00000000 00000000 000007F0 00000000 00000026
02B 109D1 00000000 00000000 00000002 00000001 00000001 00000000 00000000 00000000 00000000 00000001 00000000 00000000 00000000 000007F0 00000000 00000026
02D 104D1 00000000 00000001 00000002 00000001 00000001 00000000 00000000 00000000 00000000 00000001 00000000 00000000 00000000 000007F0 00000000 00000026
02F 103D1 00000000 00000002 00000002 00000001 00000001 00000000 00000000 00000000 00000000 00000001 00000000 00000000 00000000 000007F0 00000000 00000026
031 10FD1 00000000 00000003 00000002 00000002 00000001 00000000 00000000 00000000 00000000 00000001 00000000 00000000 00000000 000007F0 00000000 00000026
033 00DD1 00000000 00000004 00000002 00000002 00000001 00000000 00000000 00000000 00000000 00000001 00000000 00000000 00000000 000007F0 00000000 00000026
035 09F00 00000000 00000004 00000002 00000002 00000001 00000000 00000000 00000000 00000000 00000001 00000000 00000000 00000000 000007F4 00000000 00000026
026 00292 00000000 00000004 00000002 00000002 00000001 00000000 00000000 00000000 00000000 00000001 00000000 00000000 00000000 000007F4 00000000 00000026
027 09100 00000000 0000002B 00000003 00000002 00000001 00000000 00000000 00000000 00000000 00000001 00000000 00000000 00000000 000007F4 00000000 00000026
02B 109D1 00000000 00000000 00000003 00000002 00000001 00000000 00000000 00000000 00000000 00000001 00000000 00000000 00000000 000007F4 00000000 00000026
02D 104D1 00000000 00000001 00000003 00000002 00000001 00000000 00000000 00000000 00000000 00000001 00000000 00000000 00000000 000007F4 00000000 00000026
02F 103D1 00000000 00000002 00000003 00000002 00000001 00000000 00000000 00000000 00000000 00000001 00000000 00000000 00000000 000007F4 00000000 00000026
031 10FD1 00000000 00000003 00000003 00000003 00000001 00000000 00000000 00000000 00000000 00000001 00000000 00000000 00000000 000007F4 00000000 00000026
033 00DD1 00000000 00000004 00000003 00000003 00000001 00000000 00000000 00000000 00000000 00000001 00000000 00000000 00000000 000007F4 00000000 00000026
035 09F00 00000000 00000004 00000003 00000003 00000001 00000000 00000000 00000000 00000000 00000001 00000000 00000000 00000000 000007F8 00000000 00000026
026 00292 00000000 00000004 00000003 00000003 00000001 00000000 00000000 00000000 00000000 00000001 00000000 00000000 00000000 000007F8 00000000 00000026
027 09100 00000000 0000002B 00000004 00000003 00000001 00000000 00000000 00000000 00000000 00000001 00000000 00000000 00000000 000007F8 00000000 00000026
02B 109D1 00000000 00000000 00000004 00000003 00000001 00000000 00000000 00000000 00000000 00000001 00000000 00000000 00000000 000007F8 00000000 00000026
02D 104D1 00000000 00000001 00000004 00000003 00000001 00000000 00000000 00000000 00000000 00000000 00000000 00000000 00000000 000007F8 00000000 00000026
02F 103D1 00000000 00000002 00000004 00000003 00000001 00000000 00000000 00000000 00000000 00000000 00000000 00000000 00000000 000007F8 00000000 00000026
031 10FD1 00000000 00000003 00000004 00000004 00000001 00000000 00000000 00000000 00000000 00000000 00000000 00000000 00000000 000007F8 00000000 00000026
033 00DD1 00000000 00000004 00000004 00000004 00000001 00000000 00000000 00000000 00000000 00000000 00000000 00000000 00000000 000007F8 00000000 00000021
035 09F00 00000000 00000004 00000004 00000004 00000001 00000000 00000000 00000000 00000000 00000000 00000000 00000000 00000000 000007FC 00000000 00000021
021 00920 00000000 00000004 00000004 00000004 00000001 00000000 00000000 00000000 00000000 00000000 00000000 00000000 00000000 000007FC 00000000 00000021
022 00441 00000000 00000001 00000004 00000004 00000001 00000000 00000000 00000000 00000000 00000004 00000000 00000000 00000000 000007FC 00000000 00000021
024 0F100 00000000 0000000D 00000004 00000004 00000002 00000000 00000000 00000000 00000000 00000004 00000000 00000000 00000000 000007FC 00000000 00000021
00D 00DD1 00000000 FFFFFFFC 00000004 00000004 00000002 00000000 00000000 00000000 00000000 00000004 00000000 00000000 00000000 000007FC 00000000 00000026
00F 11FD1 00000000 00000003 00000004 00000004 00000002 00000000 00000000 00000000 00000000 00000004 00000000 00000000 00000000 000007F8 00000000 00000026
011 113D1 00000000 00000002 00000004 00000004 00000002 00000000 00000000 00000000 00000000 00000004 00000000 00000000 00000000 000007F8 00000000 00000026
013 114D1 00000000 00000001 00000004 00000004 00000002 00000000 00000000 00000000 00000000 00000004 00000000 00000000 00000000 000007F8 00000000 00000026
015 119D1 00000000 00000000 00000004 00000004 00000002 00000000 00000000 00000000 00000000 00000004 00000000 00000000 00000000 000007F8 00000000 00000026
017 09140 00000000 00000029 00000004 00000004 00000002 00000000 00000000 00000000 00000000 00000004 00000000 00000000 00000000 000007F8 00000000 00000026
019 09134 00000000 00000029 00000004 00000004 00000002 00000000 00000000 00000000 00000000 00000004 00000000 00000000 00000000 000007F8 00000000 00000026
01B 00331 00000000 FFFFFFFF 00000004 00000004 00000002 00000000 00000000 00000000 00000000 00000004 00000000 00000000 00000000 000007F8 00000000 00000026
01D 00441 00000000 FFFFFFFF 00000004 00000003 00000002 00000000 00000000 00000000 00000000 00000004 00000000 00000000 00000000 000007F8 00000000 00000026
01F 0F100 00000000 0000000D 00000004 00000003 00000001 00000000 00000000 00000000 00000000 00000004 00000000 00000000 00000000 000007F8 00000000 00000026
00D 00DD1 00000000 FFFFFFFC 00000004 00000003 00000001 00000000 00000000 00000000 00000000 00000004 00000000 00000000 00000000 000007F8 00000000 00000021
00F 11FD1 00000000 00000003 00000004 00000003 00000001 00000000 00000000 00000000 00000000 00000004 00000000 00000000 00000000 000007F4 00000000 00000021
011 113D1 00000000 00000002 00000004 00000003 00000001 00000000 00000000 00000000 00000000 00000004 00000000 00000000 00000000 000007F4 00000000 00000021
013 114D1 00000000 00000001 00000004 00000003 00000001 00000000 00000000 00000000 00000000 00000004 00000000 00000000 00000000 000007F4 00000000 00000021
015 119D1 00000000 00000000 00000004 00000003 00000001 00000000 00000000 00000000 00000000 00000004 00000000 00000000 00000000 000007F4 00000000 00000021
017 09140 00000000 00000029 00000004 00000003 00000001 00000000 00000000 00000000 00000000 00000004 00000000 00000000 00000000 000007F4 00000000 00000021
019 09134 00000000 00000029 00000004 00000003 00000001 00000000 00000000 00000000 00000000 00000004 00000000 00000000 00000000 000007F4 00000000 00000021
01B 00331 00000000 FFFFFFFF 00000004 00000003 00000001 00000000 00000000 00000000 00000000 00000004 00000000 00000000 00000000 000007F4 00000000 00000021
01D 00441 00000000 FFFFFFFF 00000004 00000002 00000001 00000000 00000000 00000000 00000000 00000004 00000000 00000000 00000000 000007F4 00000000 00000021
01F 0F100 00000000 0000000D 00000004 00000002 00000000 00000000 00000000 00000000 00000000 00000004 00000000 00000000 00000000 000007F4 00000000 00000021
00D 00DD1 00000000 FFFFFFFC 00000004 00000002 00000000 00000000 00000000 00000000 00000000 00000004 00000000 00000000 00000000 000007F4 00000000 00000021
00F 11FD1 00000000 00000003 00000004 00000002 00000000 00000000 00000000 00000000 00000000 00000004 00000000 00000000 00000000 000007F0 00000000 00000021
011 113D1 00000000 00000002 00000004 00000002 00000000 00000000 00000000 00000000 00000000 00000004 00000000 00000000 00000000 000007F0 00000000 00000021
013 114D1 00000000 00000001 00000004 00000002 00000000 00000000 00000000 00000000 00000000 00000004 00000000 00000000 00000000 000007F0 00000000 00000021
015 119D1 00000000 00000000 00000004 00000002 00000000 00000000 00000000 00000000 00000000 00000004 00000000 00000000 00000000 000007F0 00000000 00000021
017 09140 00000000 00000029 00000004 00000002 00000000 00000000 00000000 00000000 00000000 00000004 00000000 00000000 00000000 000007F0 00000000 00000021
029 00201 00000000 00000001 00000004 00000002 00000000 00000000 00000000 00000000 00000000 00000004 00000000 00000000 00000000 000007F0 00000000 00000021
02B 109D1 00000000 00000000 00000001 00000002 00000000 00000000 00000000 00000000 00000000 00000004 00000000 00000000 00000000 000007F0 00000000 00000021
02D 104D1 00000000 00000001 00000001 00000002 00000000 00000000 00000000 00000000 00000000 00000004 00000000 00000000 00000000 000007F0 00000000 00000021
02F 103D1 00000000 00000002 00000001 00000002 00000000 00000000 00000000 00000000 00000000 00000004 00000000 00000000 00000000 000007F0 00000000 00000021
031 10FD1 00000000 00000003 00000001 00000002 00000000 00000000 00000000 00000000 00000000 00000004 00000000 00000000 00000000 000007F0 00000000 00000021
033 00DD1 00000000 00000004 00000001 00000002 00000000 00000000 00000000 00000000 00000000 00000004 00000000 00000000 00000000 000007F0 00000000 00000021
035 09F00 00000000 00000004 00000001 00000002 00000000 00000000 00000000 00000000 00000000 00000004 00000000 00000000 00000000 000007F4 00000000 00000021
021 00920 00000000 00000004 00000001 00000002 00000000 00000000 00000000 00000000 00000000 00000004 00000000 00000000 00000000 000007F4 00000000 00000021
022 00441 00000000 00000001 00000001 00000002 00000000 00000000 00000000 00000000 00000000 00000001 00000000 00000000 00000000 000007F4 00000000 00000021
024 0F100 00000000 0000000D 00000001 00000002 00000001 00000000 00000000 00000000 00000000 00000001 00000000 00000000 00000000 000007F4 00000000 00000021
00D 00DD1 00000000 FFFFFFFC 00000001 00000002 00000001 00000000 00000000 00000000 00000000 00000001 00000000 00000000 00000000 000007F4 00000000 00000026
00F 11FD1 00000000 00000003 00000001 00000002 00000001 00000000 00000000 00000000 00000000 00000001 00000000 00000000 00000000 000007F0 00000000 00000026
011 113D1 00000000 00000002 00000001 00000002 00000001 00000000 00000000 00000000 00000000 00000001 00000000 00000000 00000000 000007F0 00000000 00000026
013 114D1 00000000 00000001 00000001 00000002 00000001 00000000 00000000 00000000 00000000 00000001 00000000 00000000 00000000 000007F0 00000000 00000026
015 119D1 00000000 00000000 00000001 00000002 00000001 00000000 00000000 00000000 00000000 00000001 00000000 00000000 00000000 000007F0 00000000 00000026
017 09140 00000000 00000029 00000001 00000002 00000001 00000000 00000000 00000000 00000000 00000001 00000000 00000000 00000000 000007F0 00000000 00000026
019 09134 00000000 00000029 00000001 00000002 00000001 00000000 00000000 00000000 00000000 00000001 00000000 00000000 00000000 000007F0 00000000 00000026
01B 00331 00000000 FFFFFFFF 00000001 00000002 00000001 00000000 00000000 00000000 00000000 00000001 00000000 00000000 00000000 000007F0 00000000 00000026
01D 00441 00000000 FFFFFFFF 00000001 00000001 00000001 00000000 00000000 00000000 00000000 00000001 00000000 00000000 00000000 000007F0 00000000 00000026
01F 0F100 00000000 0000000D 00000001 00000001 00000000 00000000 00000000 00000000 00000000 00000001 00000000 00000000 00000000 000007F0 00000000 00000026
00D 00DD1 00000000 FFFFFFFC 00000001 00000001 00000000 00000000 00000000 00000000 00000000 00000001 00000000 00000000 00000000 000007F0 00000000 00000021
00F 11FD1 00000000 00000003 00000001 00000001 00000000 00000000 00000000 00000000 00000000 00000001 00000000 00000000 00000000 000007EC 00000000 00000021
011 113D1 00000000 00000002 00000001 00000001 00000000 00000000 00000000 00000000 00000000 00000001 00000000 00000000 00000000 000007EC 00000000 00000021
013 114D1 00000000 00000001 00000001 00000001 00000000 00000000 00000000 00000000 00000000 00000001 00000000 00000000 00000000 000007EC 00000000 00000021
015 119D1 00000000 00000000 00000001 00000001 00000000 00000000 00000000 00000000 00000000 00000001 00000000 00000000 00000000 000007EC 00000000 00000021
017 09140 00000000 00000029 00000001 00000001 00000000 00000000 00000000 00000000 00000000 00000001 00000000 00000000 00000000 000007EC 00000000 00000021
029 00201 00000000 00000001 00000001 00000001 00000000 00000000 00000000 00000000 00000000 00000001 00000000 00000000 00000000 000007EC 00000000 00000021
02B 109D1 00000000 00000000 00000001 00000001 00000000 00000000 00000000 00000000 00000000 00000001 00000000 00000000 00000000 000007EC 00000000 00000021
02D 104D1 00000000 00000001 00000001 00000001 00000000 00000000 00000000 00000000 00000000 00000001 00000000 00000000 00000000 000007EC 00000000 00000021
02F 103D1 00000000 00000002 00000001 00000001 00000000 00000000 00000000 00000000 00000000 00000001 00000000 00000000 00000000 000007EC 00000000 00000021
031 10FD1 00000000 00000003 00000001 00000001 00000000 00000000 00000000 00000000 00000000 00000001 00000000 00000000 00000000 000007EC 00000000 00000021
033 00DD1 00000000 00000004 00000001 00000001 00000000 00000000 00000000 00000000 00000000 00000001 00000000 00000000 00000000 000007EC 00000000 00000021
035 09F00 00000000 00000004 00000001 00000001 00000000 00000000 00000000 00000000 00000000 00000001 00000000 00000000 00000000 000007F0 00000000 00000021
021 00920 00000000 00000004 00000001 00000001 00000000 00000000 00000000 00000000 00000000 00000001 00000000 00000000 00000000 000007F0 00000000 00000021
022 00441 00000000 00000001 00000001 00000001 00000000 00000000 00000000 00000000 00000000 00000001 00000000 00000000 00000000 000007F0 00000000 00000021
024 0F100 00000000 0000000D 00000001 00000001 00000001 00000000 00000000 00000000 00000000 00000001 00000000 00000000 00000000 000007F0 00000000 00000021
00D 00DD1 00000000 FFFFFFFC 00000001 00000001 00000001 00000000 00000000 00000000 00000000 00000001 00000000 00000000 00000000 000007F0 00000000 00000026
00F 11FD1 00000000 00000003 00000001 00000001 00000001 00000000 00000000 00000000 00000000 00000001 00000000 00000000 00000000 000007EC 00000000 00000026
011 113D1 00000000 00000002 00000001 00000001 00000001 00000000 00000000 00000000 00000000 00000001 00000000 00000000 00000000 000007EC 00000000 00000026
013 114D1 00000000 00000001 00000001 00000001 00000001 00000000 00000000 00000000 00000000 00000001 00000000 00000000 00000000 000007EC 00000000 00000026
015 119D1 00000000 00000000 00000001 00000001 00000001 00000000 00000000 00000000 00000000 00000001 00000000 00000000 00000000 000007EC 00000000 00000026
017 09140 00000000 00000029 00000001 00000001 00000001 00000000 00000000 00000000 00000000 00000001 00000000 00000000 00000000 000007EC 00000000 00000026
019 09134 00000000 00000029 00000001 00000001 00000001 00000000 00000000 00000000 00000000 00000001 00000000 00000000 00000000 000007EC 00000000 00000026
029 00201 00000000 00000001 00000001 00000001 00000001 00000000 00000000 00000000 00000000 00000001 00000000 00000000 00000000 000007EC 00000000 00000026
02B 109D1 00000000 00000000 00000001 00000001 00000001 00000000 00000000 00000000 00000000 00000001 00000000 00000000 00000000 000007EC 00000000 00000026
02D 104D1 00000000 00000001 00000001 00000001 00000001 00000000 00000000 00000000 00000000 00000001 00000000 00000000 00000000 000007EC 00000000 00000026
02F 103D1 00000000 00000002 00000001 00000001 00000001 00000000 00000000 00000000 00000000 00000001 00000000 00000000 00000000 000007EC 00000000 00000026
031 10FD1 00000000 00000003 00000001 00000001 00000001 00000000 00000000 00000000 00000000 00000001 00000000 00000000 00000000 000007EC 00000000 00000026
033 00DD1 00000000 00000004 00000001 00000001 00000001 00000000 00000000 00000000 00000000 00000001 00000000 00000000 00000000 000007EC 00000000 00000026
035 09F00 00000000 00000004 00000001 00000001 00000001 00000000 00000000 00000000 00000000 00000001 00000000 00000000 00000000 000007F0 00000000 00000026
026 00292 00000000 00000004 00000001 00000001 00000001 00000000 00000000 00000000 00000000 00000001 00000000 00000000 00000000 000007F0 00000000 00000026
027 09100 00000000 0000002B 00000002 00000001 00000001 00000000 00000000 00000000 00000000 00000001 00000000 00000000 00000000 000007F0 00000000 00000026
02B 109D1 00000000 00000000 00000002 00000001 00000001 00000000 00000000 00000000 00000000 00000001 00000000 00000000 00000000 000007F0 00000000 00000026
02D 104D1 00000000 00000001 00000002 00000001 00000001 00000000 00000000 00000000 00000000 00000001 00000000 00000000 00000000 000007F0 00000000 00000026
02F 103D1 00000000 00000002 00000002 00000001 00000001 00000000 00000000 00000000 00000000 00000001 00000000 00000000 00000000 000007F0 00000000 00000026
031 10FD1 00000000 00000003 00000002 00000002 00000001 00000000 00000000 00000000 00000000 00000001 00000000 00000000 00000000 000007F0 00000000 00000026
033 00DD1 00000000 00000004 00000002 00000002 00000001 00000000 00000000 00000000 00000000 00000001 00000000 00000000 00000000 000007F0 00000000 00000026
035 09F00 00000000 00000004 00000002 00000002 00000001 00000000 00000000 00000000 00000000 00000001 00000000 00000000 00000000 000007F4 00000000 00000026
026 00292 00000000 00000004 00000002 00000002 00000001 00000000 00000000 00000000 00000000 00000001 00000000 00000000 00000000 000007F4 00000000 00000026
027 09100 00000000 0000002B 00000003 00000002 00000001 00000000 00000000 00000000 00000000 00000001 00000000 00000000 00000000 000007F4 00000000 00000026
02B 109D1 00000000 00000000 00000003 00000002 00000001 00000000 00000000 00000000 00000000 00000001 00000000 00000000 00000000 000007F4 00000000 00000026
02D 104D1 00000000 00000001 00000003 00000002 00000001 00000000 00000000 00000000 00000000 00000004 00000000 00000000 00000000 000007F4 00000000 00000026
02F 103D1 00000000 00000002 00000003 00000002 00000001 00000000 00000000 00000000 00000000 00000004 00000000 00000000 00000000 000007F4 00000000 00000026
031 10FD1 00000000 00000003 00000003 00000003 00000001 00000000 00000000 00000000 00000000 00000004 00000000 00000000 00000000 000007F4 00000000 00000026
033 00DD1 00000000 00000004 00000003 00000003 00000001 00000000 00000000 00000000 00000000 00000004 00000000 00000000 00000000 000007F4 00000000 00000021
035 09F00 00000000 00000004 00000003 00000003 00000001 00000000 00000000 00000000 00000000 00000004 00000000 00000000 00000000 000007F8 00000000 00000021
021 00920 00000000 00000004 00000003 00000003 00000001 00000000 00000000 00000000 00000000 00000004 00000000 00000000 00000000 000007F8 00000000 00000021
022 00441 00000000 00000001 00000003 00000003 00000001 00000000 00000000 00000000 00000000 00000003 00000000 00000000 00000000 000007F8 00000000 00000021
024 0F100 00000000 0000000D 00000003 00000003 00000002 00000000 00000000 00000000 00000000 00000003 00000000 00000000 00000000 000007F8 00000000 00000021
00D 00DD1 00000000 FFFFFFFC 00000003 00000003 00000002 00000000 00000000 00000000 00000000 00000003 00000000 00000000 00000000 000007F8 00000000 00000026
00F 11FD1 00000000 00000003 00000003 00000003 00000002 00000000 00000000 00000000 00000000 00000003 00000000 00000000 00000000 000007F4 00000000 00000026
011 113D1 00000000 00000002 00000003 00000003 00000002 00000000 00000000 00000000 00000000 00000003 00000000 00000000 00000000 000007F4 00000000 00000026
013 114D1 00000000 00000001 00000003 00000003 00000002 00000000 00000000 00000000 00000000 00000003 00000000 00000000 00000000 000007F4 00000000 00000026
015 119D1 00000000 00000000 00000003 00000003 00000002 00000000 00000000 00000000 00000000 00000003 00000000 00000000 00000000 000007F4 00000000 00000026
017 09140 00000000 00000029 00000003 00000003 00000002 00000000 00000000 00000000 00000000 00000003 00000000 00000000 00000000 000007F4 00000000 00000026
019 09134 00000000 00000029 00000003 00000003 00000002 00000000 00000000 00000000 00000000 00000003 00000000 00000000 00000000 000007F4 00000000 00000026
01B 00331 00000000 FFFFFFFF 00000003 00000003 00000002 00000000 00000000 00000000 00000000 00000003 00000000 00000000 00000000 000007F4 00000000 00000026
01D 00441 00000000 FFFFFFFF 00000003 00000002 00000002 00000000 00000000 00000000 00000000 00000003 00000000 00000000 00000000 000007F4 00000000 00000026
01F 0F100 00000000 0000000D 00000003 00000002 00000001 00000000 00000000 00000000 00000000 00000003 00000000 00000000 00000000 000007F4 00000000 00000026
00D 00DD1 00000000 FFFFFFFC 00000003 00000002 00000001 00000000 00000000 00000000 00000000 00000003 00000000 00000000 00000000 000007F4 00000000 00000021
00F 11FD1 00000000 00000003 00000003 00000002 00000001 00000000 00000000 00000000 00000000 00000003 00000000 00000000 00000000 000007F0 00000000 00000021
011 113D1 00000000 00000002 00000003 00000002 00000001 00000000 00000000 00000000 00000000 00000003 00000000 00000000 00000000 000007F0 00000000 00000021
013 114D1 00000000 00000001 00000003 00000002 00000001 00000000 00000000 00000000 00000000 00000003 00000000 00000000 00000000 000007F0 00000000 00000021
015 119D1 00000000 00000000 00000003 00000002 00000001 00000000 00000000 00000000 00000000 00000003 00000000 00000000 00000000 000007F0 00000000 00000021
017 09140 00000000 00000029 00000003 00000002 00000001 00000000 00000000 00000000 00000000 00000003 00000000 00000000 00000000 000007F0 00000000 00000021
019 09134 00000000 00000029 00000003 00000002 00000001 00000000 00000000 00000000 00000000 00000003 00000000 00000000 00000000 000007F0 00000000 00000021
01B 00331 00000000 FFFFFFFF 00000003 00000002 00000001 00000000 00000000 00000000 00000000 00000003 00000000 00000000 00000000 000007F0 00000000 00000021
01D 00441 00000000 FFFFFFFF 00000003 00000001 00000001 00000000 00000000 00000000 00000000 00000003 00000000 00000000 00000000 000007F0 00000000 00000021
01F 0F100 00000000 0000000D 00000003 00000001 00000000 00000000 00000000 00000000 00000000 00000003 00000000 00000000 00000000 000007F0 00000000 00000021
00D 00DD1 00000000 FFFFFFFC 00000003 00000001 00000000 00000000 00000000 00000000 00000000 00000003 00000000 00000000 00000000 000007F0 00000000 00000021
00F 11FD1 00000000 00000003 00000003 00000001 00000000 00000000 00000000 00000000 00000000 00000003 00000000 00000000 00000000 000007EC 00000000 00000021
011 113D1 00000000 00000002 00000003 00000001 00000000 00000000 00000000 00000000 00000000 00000003 00000000 00000000 00000000 000007EC 00000000 00000021
013 114D1 00000000 00000001 00000003 00000001 00000000 00000000 00000000 00000000 00000000 00000003 00000000 00000000 00000000 000007EC 00000000 00000021
015 119D1 00000000 00000000 00000003 00000001 00000000 00000000 00000000 00000000 00000000 00000003 00000000 00000000 00000000 000007EC 00000000 00000021
017 09140 00000000 00000029 00000003 00000001 00000000 00000000 00000000 00000000 00000000 00000003 00000000 00000000 00000000 000007EC 00000000 00000021
029 00201 00000000 00000001 00000003 00000001 00000000 00000000 00000000 00000000 00000000 00000003 00000000 00000000 00000000 000007EC 00000000 00000021
02B 109D1 00000000 00000000 00000001 00000001 00000000 00000000 00000000 00000000 00000000 00000003 00000000 00000000 00000000 000007EC 00000000 00000021
02D 104D1 00000000 00000001 00000001 00000001 00000000 00000000 00000000 00000000 00000000 00000003 00000000 00000000 00000000 000007EC 00000000 00000021
02F 103D1 00000000 00000002 00000001 00000001 00000000 00000000 00000000 00000000 00000000 00000003 00000000 00000000 00000000 000007EC 00000000 00000021
031 10FD1 00000000 00000003 00000001 00000001 00000000 00000000 00000000 00000000 00000000 00000003 00000000 00000000 00000000 000007EC 00000000 00000021
033 00DD1 00000000 00000004 00000001 00000001 00000000 00000000 00000000 00000000 00000000 00000003 00000000 00000000 00000000 000007EC 00000000 00000021
035 09F00 00000000 00000004 00000001 00000001 00000000 00000000 00000000 00000000 00000000 00000003 00000000 00000000 00000000 000007F0 00000000 00000021
021 00920 00000000 00000004 00000001 00000001 00000000 00000000 00000000 00000000 00000000 00000003 00000000 00000000 00000000 000007F0 00000000 00000021
022 00441 00000000 00000001 00000001 00000001 00000000 00000000 00000000 00000000 00000000 00000001 00000000 00000000 00000000 000007F0 00000000 00000021
024 0F100 00000000 0000000D 00000001 00000001 00000001 00000000 00000000 00000000 00000000 00000001 00000000 00000000 00000000 000007F0 00000000 00000021
00D 00DD1 00000000 FFFFFFFC 00000001 00000001 00000001 00000000 00000000 00000000 00000000 00000001 00000000 00000000 00000000 000007F0 00000000 00000026
00F 11FD1 00000000 00000003 00000001 00000001 00000001 00000000 00000000 00000000 00000000 00000001 00000000 00000000 00000000 000007EC 00000000 00000026
011 113D1 00000000 00000002 00000001 00000001 00000001 00000000 00000000 00000000 00000000 00000001 00000000 00000000 00000000 000007EC 00000000 00000026
013 114D1 00000000 00000001 00000001 00000001 00000001 00000000 00000000 00000000 00000000 00000001 00000000 00000000 00000000 000007EC 00000000 00000026
015 119D1 00000000 00000000 00000001 00000001 00000001 00000000 00000000 00000000 00000000 00000001 00000000 00000000 00000000 000007EC 00000000 00000026
017 09140 00000000 00000029 00000001 00000001 00000001 00000000 00000000 00000000 00000000 00000001 00000000 00000000 00000000 000007EC 00000000 00000026
019 09134 00000000 00000029 00000001 00000001 00000001 00000000 00000000 00000000 00000000 00000001 00000000 00000000 00000000 000007EC 00000000 00000026
029 00201 00000000 00000001 00000001 00000001 00000001 00000000 00000000 00000000 00000000 00000001 00000000 00000000 00000000 000007EC 00000000 00000026
02B 109D1 00000000 00000000 00000001 00000001 00000001 00000000 00000000 00000000 00000000 00000001 00000000 00000000 00000000 000007EC 00000000 00000026
02D 104D1 00000000 00000001 00000001 00000001 00000001 00000000 00000000 00000000 00000000 00000001 00000000 00000000 00000000 000007EC 00000000 00000026
02F 103D1 00000000 00000002 00000001 00000001 00000001 00000000 00000000 00000000 00000000 00000001 00000000 00000000 00000000 000007EC 00000000 00000026
031 10FD1 00000000 00000003 00000001 00000001 00000001 00000000 00000000 00000000 00000000 00000001 00000000 00000000 00000000 000007EC 00000000 00000026
033 00DD1 00000000 00000004 00000001 00000001 00000001 00000000 00000000 00000000 00000000 00000001 00000000 00000000 00000000 000007EC 00000000 00000026
035 09F00 00000000 00000004 00000001 00000001 00000001 00000000 00000000 00000000 00000000 00000001 00000000 00000000 00000000 000007F0 00000000 00000026
026 00292 00000000 00000004 00000001 00000001 00000001 00000000 00000000 00000000 00000000 00000001 00000000 00000000 00000000 000007F0 00000000 00000026
027 09100 00000000 0000002B 00000002 00000001 00000001 00000000 00000000 00000000 00000000 00000001 00000000 00000000 00000000 000007F0 00000000 00000026
02B 109D1 00000000 00000000 00000002 00000001 00000001 00000000 00000000 00000000 00000000 00000001 00000000 00000000 00000000 000007F0 00000000 00000026
02D 104D1 00000000 00000001 00000002 00000001 00000001 00000000 00000000 00000000 00000000 00000003 00000000 00000000 00000000 000007F0 00000000 00000026
02F 103D1 00000000 00000002 00000002 00000001 00000001 00000000 00000000 00000000 00000000 00000003 00000000 00000000 00000000 000007F0 00000000 00000026
031 10FD1 00000000 00000003 00000002 00000002 00000001 00000000 00000000 00000000 00000000 00000003 00000000 00000000 00000000 000007F0 00000000 00000026
033 00DD1 00000000 00000004 00000002 00000002 00000001 00000000 00000000 00000000 00000000 00000003 00000000 00000000 00000000 000007F0 00000000 00000021
035 09F00 00000000 00000004 00000002 00000002 00000001 00000000 00000000 00000000 00000000 00000003 00000000 00000000 00000000 000007F4 00000000 00000021
021 00920 00000000 00000004 00000002 00000002 00000001 00000000 00000000 00000000 00000000 00000003 00000000 00000000 00000000 000007F4 00000000 00000021
022 00441 00000000 00000001 00000002 00000002 00000001 00000000 00000000 00000000 00000000 00000002 00000000 00000000 00000000 000007F4 00000000 00000021
024 0F100 00000000 0000000D 00000002 00000002 00000002 00000000 00000000 00000000 00000000 00000002 00000000 00000000 00000000 000007F4 00000000 00000021
00D 00DD1 00000000 FFFFFFFC 00000002 00000002 00000002 00000000 00000000 00000000 00000000 00000002 00000000 00000000 00000000 000007F4 00000000 00000026
00F 11FD1 00000000 00000003 00000002 00000002 00000002 00000000 00000000 00000000 00000000 00000002 00000000 00000000 00000000 000007F0 00000000 00000026
011 113D1 00000000 00000002 00000002 00000002 00000002 00000000 00000000 00000000 00000000 00000002 00000000 00000000 00000000 000007F0 00000000 00000026
013 114D1 00000000 00000001 00000002 00000002 00000002 00000000 00000000 00000000 00000000 00000002 00000000 00000000 00000000 000007F0 00000000 00000026
015 119D1 00000000 00000000 00000002 00000002 00000002 00000000 00000000 00000000 00000000 00000002 00000000 00000000 00000000 000007F0 00000000 00000026
017 09140 00000000 00000029 00000002 00000002 00000002 00000000 00000000 00000000 00000000 00000002 00000000 00000000 00000000 000007F0 00000000 00000026
019 09134 00000000 00000029 00000002 00000002 00000002 00000000 00000000 00000000 00000000 00000002 00000000 00000000 00000000 000007F0 00000000 00000026
029 00201 00000000 00000001 00000002 00000002 00000002 00000000 00000000 00000000 00000000 00000002 00000000 00000000 00000000 000007F0 00000000 00000026
02B 109D1 00000000 00000000 00000001 00000002 00000002 00000000 00000000 00000000 00000000 00000002 00000000 00000000 00000000 000007F0 00000000 00000026
02D 104D1 00000000 00000001 00000001 00000002 00000002 00000000 00000000 00000000 00000000 00000002 00000000 00000000 00000000 000007F0 00000000 00000026
02F 103D1 00000000 00000002 00000001 00000002 00000002 00000000 00000000 00000000 00000000 00000002 00000000 00000000 00000000 000007F0 00000000 00000026
031 10FD1 00000000 00000003 00000001 00000002 00000002 00000000 00000000 00000000 00000000 00000002 00000000 00000000 00000000 000007F0 00000000 00000026
033 00DD1 00000000 00000004 00000001 00000002 00000002 00000000 00000000 00000000 00000000 00000002 00000000 00000000 00000000 000007F0 00000000 00000026
035 09F00 00000000 00000004 00000001 00000002 00000002 00000000 00000000 00000000 00000000 00000002 00000000 00000000 00000000 000007F4 00000000 00000026
026 00292 00000000 00000004 00000001 00000002 00000002 00000000 00000000 00000000 00000000 00000002 00000000 00000000 00000000 000007F4 00000000 00000026
027 09100 00000000 0000002B 00000003 00000002 00000002 00000000 00000000 00000000 00000000 00000002 00000000 00000000 00000000 000007F4 00000000 00000026
02B 109D1 00000000 00000000 00000003 00000002 00000002 00000000 00000000 00000000 00000000 00000002 00000000 00000000 00000000 000007F4 00000000 00000026
02D 104D1 00000000 00000001 00000003 00000002 00000002 00000000 00000000 00000000 00000000 00000003 00000000 00000000 00000000 000007F4 00000000 00000026
02F 103D1 00000000 00000002 00000003 00000002 00000002 00000000 00000000 00000000 00000000 00000003 00000000 00000000 00000000 000007F4 00000000 00000026
031 10FD1 00000000 00000003 00000003 00000003 00000002 00000000 00000000 00000000 00000000 00000003 00000000 00000000 00000000 000007F4 00000000 00000026
033 00DD1 00000000 00000004 00000003 00000003 00000002 00000000 00000000 00000000 00000000 00000003 00000000 00000000 00000000 000007F4 00000000 00000026
035 09F00 00000000 00000004 00000003 00000003 00000002 00000000 00000000 00000000 00000000 00000003 00000000 00000000 00000000 000007F8 00000000 00000026
026 00292 00000000 00000004 00000003 00000003 00000002 00000000 00000000 00000000 00000000 00000003 00000000 00000000 00000000 000007F8 00000000 00000026
027 09100 00000000 0000002B 00000006 00000003 00000002 00000000 00000000 00000000 00000000 00000003 00000000 00000000 00000000 000007F8 00000000 00000026
02B 109D1 00000000 00000000 00000006 00000003 00000002 00000000 00000000 00000000 00000000 00000003 00000000 00000000 00000000 000007F8 00000000 00000026
02D 104D1 00000000 00000001 00000006 00000003 00000002 00000000 00000000 00000000 00000000 00000004 00000000 00000000 00000000 000007F8 00000000 00000026
02F 103D1 00000000 00000002 00000006 00000003 00000002 00000000 00000000 00000000 00000000 00000004 00000000 00000000 00000000 000007F8 00000000 00000026
031 10FD1 00000000 00000003 00000006 00000004 00000002 00000000 00000000 00000000 00000000 00000004 00000000 00000000 00000000 000007F8 00000000 00000026
033 00DD1 00000000 00000004 00000006 00000004 00000002 00000000 00000000 00000000 00000000 00000004 00000000 00000000 00000000 000007F8 00000000 00000026
035 09F00 00000000 00000004 00000006 00000004 00000002 00000000 00000000 00000000 00000000 00000004 00000000 00000000 00000000 000007FC 00000000 00000026
026 00292 00000000 00000004 00000006 00000004 00000002 00000000 00000000 00000000 00000000 00000004 00000000 00000000 00000000 000007FC 00000000 00000026
027 09100 00000000 0000002B 0000000A 00000004 00000002 00000000 00000000 00000000 00000000 00000004 00000000 00000000 00000000 000007FC 00000000 00000026
02B 109D1 00000000 00000000 0000000A 00000004 00000002 00000000 00000000 00000000 00000000 00000004 00000000 00000000 00000000 000007FC 00000000 00000026
02D 104D1 00000000 00000001 0000000A 00000004 00000002 00000000 00000000 00000000 00000000 00000000 00000000 00000000 00000000 000007FC 00000000 00000026
02F 103D1 00000000 00000002 0000000A 00000004 00000002 00000000 00000000 00000000 00000000 00000000 00000000 00000000 00000000 000007FC 00000000 00000026
031 10FD1 00000000 00000003 0000000A 00000005 00000002 00000000 00000000 00000000 00000000 00000000 00000000 00000000 00000000 000007FC 00000000 00000026
033 00DD1 00000000 00000004 0000000A 00000005 00000002 00000000 00000000 00000000 00000000 00000000 00000000 00000000 00000000 000007FC 00000000 0000000A
035 09F00 00000000 00000004 0000000A 00000005 00000002 00000000 00000000 00000000 00000000 00000000 00000000 00000000 00000000 00000800 00000000 0000000A
00A 11201 00000000 00000102 0000000A 00000005 00000002 00000000 00000000 00000000 00000000 00000000 00000000 00000000 00000000 00000800 00000000 0000000A
00C 15000 00000000 00000102 0000000A 00000005 00000002 00000000 00000000 00000000 00000000 00000000 00000000 00000000 00000000 00000800 00000000 0000000A
